job_id,salary_usd,salary_local,currency,benefits_score
1,118272,80425,EUR,4.1
2,51780,26926,EUR,2.9
3,247807,203202,EUR,4.1
4,126382,101106,EUR,4.7
5,174564,160599,CHF,3.3
6,208683,208683,USD,4.9
7,70796,58053,EUR,4.4
8,144522,132960,CHF,3.3
9,180612,122816,EUR,3.2
10,202553,157991,EUR,3.9
11,106178,90251,EUR,4.6
12,127673,86818,EUR,3.0
13,173493,135325,EUR,3.1
14,60948,39616,AUD,2.7
15,183472,183472,USD,3.4
16,276996,221597,EUR,3.8
17,165045,128735,GBP,4.2
18,188419,146967,EUR,4.9
19,145206,123425,EUR,2.9
20,51345,43643,EUR,5.0
21,108254,84438,GBP,4.1
22,181476,145181,EUR,3.2
23,101600,66040,AUD,4.9
24,65906,54043,EUR,4.4
25,133346,37337,USD,3.8
26,149936,97458,AUD,3.0
27,66774,61432,CHF,4.8
28,169485,138978,EUR,4.1
29,80021,52014,AUD,3.7
30,108583,99896,CHF,3.9
31,181202,141338,EUR,4.8
32,138168,113298,EUR,2.8
33,161537,45230,USD,4.8
34,170767,140029,EUR,3.7
35,157571,107148,EUR,4.8
36,109080,85082,EUR,3.4
37,46424,30176,AUD,3.9
38,135314,135314,USD,3.6
39,195318,132816,EUR,4.0
40,223885,223885,USD,4.3
41,197460,134273,EUR,3.1
42,59710,40603,EUR,4.0
43,207851,166281,EUR,3.5
44,135687,115334,EUR,4.8
45,107105,79258,CAD,4.8
46,123034,98427,EUR,2.8
47,153461,104353,EUR,3.2
48,149734,122782,EUR,4.0
49,113266,77021,EUR,2.9
50,167577,113952,EUR,4.0
51,80102,41653,EUR,3.8
52,210311,109362,EUR,3.9
53,129986,36396,USD,4.2
54,197973,134622,EUR,2.6
55,75959,59248,EUR,4.5
56,141553,73608,EUR,3.4
57,182439,124059,EUR,3.7
58,228375,228375,USD,3.0
59,97289,75885,EUR,3.3
60,223496,145272,AUD,4.6
61,151113,117868,GBP,4.3
62,83190,70712,EUR,3.9
63,257474,133886,EUR,2.5
64,125532,100426,EUR,2.7
65,135182,91924,EUR,3.5
66,67535,18910,USD,3.7
67,205395,188963,CHF,3.7
68,192531,100116,EUR,4.8
69,257363,236774,CHF,3.3
70,146955,95521,AUD,3.5
71,194002,54321,USD,3.2
72,149664,97282,AUD,4.7
73,71170,55513,EUR,3.8
74,77137,52453,EUR,4.2
75,126037,98309,GBP,2.6
76,104989,81891,GBP,2.9
77,94768,87187,CHF,3.4
78,228880,183104,EUR,2.5
79,163972,45912,USD,3.5
80,135124,135124,USD,3.1
81,199235,55786,USD,2.6
82,230020,149513,AUD,2.7
83,163326,127394,GBP,2.9
84,71572,60836,EUR,3.3
85,213550,138808,AUD,3.7
86,173447,138758,EUR,4.9
87,175155,129615,CAD,3.5
88,107395,107395,USD,2.8
89,107349,55821,EUR,3.4
90,59837,16754,USD,4.1
91,185644,120669,AUD,4.5
92,69447,54169,EUR,2.8
93,88147,68755,GBP,4.2
94,138434,113516,EUR,4.1
95,174030,90496,EUR,3.6
96,64784,44053,EUR,3.6
97,63371,50697,EUR,2.8
98,183733,124938,EUR,4.8
99,95047,74137,GBP,4.5
100,182728,182728,USD,4.6
101,174498,174498,USD,2.8
102,141161,73404,EUR,3.6
103,112392,76427,EUR,4.7
104,108566,80339,CAD,2.5
105,92105,62631,EUR,4.3
106,264480,74054,USD,3.8
107,70234,45652,AUD,4.7
108,79242,63394,EUR,3.7
109,50961,43317,EUR,4.7
110,167437,113857,EUR,2.6
111,121632,99738,EUR,3.4
112,192505,150154,EUR,4.2
113,120662,62744,EUR,2.6
114,86049,79165,CHF,3.2
115,183385,135705,CAD,3.6
116,209318,177920,EUR,2.6
117,93038,26051,USD,4.3
118,119958,93567,EUR,3.5
119,201204,148891,CAD,3.8
120,49343,39474,EUR,2.9
121,128598,95163,CAD,4.7
122,66093,44943,EUR,3.6
123,203571,105857,EUR,4.8
124,64680,43982,EUR,4.8
125,163476,150398,CHF,3.9
126,117465,96321,EUR,3.3
127,148672,136778,CHF,4.0
128,145413,75615,EUR,4.5
129,120796,120796,USD,3.8
130,86267,63838,CAD,3.3
131,121806,34106,USD,3.3
132,82233,53451,AUD,3.0
133,171510,157789,CHF,4.3
134,67514,62113,CHF,2.7
135,108006,56163,EUR,4.9
136,153763,119935,GBP,3.9
137,236823,217877,CHF,4.0
138,136572,136572,USD,4.5
139,168506,138175,EUR,2.6
140,147756,115250,EUR,3.0
141,152423,129560,EUR,3.2
142,163322,84927,EUR,3.0
143,48066,37491,GBP,2.6
144,93759,69382,CAD,3.0
145,213765,138947,AUD,2.5
146,60134,48107,EUR,4.5
147,173280,173280,USD,3.2
148,186900,145782,GBP,4.5
149,245290,191326,EUR,2.7
150,184924,170130,CHF,4.3
151,169816,156231,CHF,4.0
152,153151,153151,USD,4.0
153,217922,185234,EUR,3.6
154,115935,90429,EUR,3.9
155,134726,134726,USD,3.9
156,220176,114492,EUR,3.3
157,173466,135303,GBP,2.9
158,95484,64929,EUR,3.7
159,110045,71529,AUD,2.9
160,87333,87333,USD,3.5
161,151760,139619,CHF,3.9
162,178623,164333,CHF,3.7
163,106057,55150,EUR,2.7
164,179367,132732,CAD,3.8
165,138371,38744,USD,4.4
166,144423,75100,EUR,3.7
167,129980,67590,EUR,4.0
168,169921,156327,CHF,3.9
169,200445,56125,USD,4.4
170,90722,90722,USD,3.2
171,255645,173839,EUR,5.0
172,123777,84168,EUR,3.8
173,167448,87073,EUR,4.9
174,95194,74251,EUR,3.5
175,181768,145414,EUR,2.8
176,74902,48686,AUD,4.7
177,145988,40877,USD,5.0
178,76485,52010,EUR,3.9
179,76088,60870,EUR,3.0
180,150474,120379,EUR,3.2
181,215540,146567,EUR,4.1
182,81074,59995,CAD,4.2
183,76426,59612,GBP,4.1
184,94352,64159,EUR,3.8
185,146408,117126,EUR,3.5
186,128193,99991,EUR,3.2
187,161013,119150,CAD,2.9
188,243199,223743,CHF,3.5
189,178274,49917,USD,4.6
190,60903,17053,USD,4.1
191,149522,127094,EUR,2.7
192,152610,112931,CAD,3.5
193,181175,141316,GBP,3.0
194,115483,32335,USD,3.1
195,77591,40347,EUR,3.8
196,106062,86971,EUR,3.9
197,132553,103391,GBP,2.6
198,81472,69251,EUR,2.9
199,99509,99509,USD,4.2
200,155625,43575,USD,2.6
201,126698,126698,USD,4.5
202,185032,144325,EUR,3.8
203,168592,124758,CAD,4.8
204,137587,126580,CHF,4.3
205,177878,142302,EUR,3.7
206,144207,144207,USD,3.0
207,67020,43563,AUD,2.7
208,125729,85496,EUR,3.9
209,67686,35197,EUR,4.2
210,174310,160365,CHF,3.1
211,143902,143902,USD,3.7
212,234496,199322,EUR,4.5
213,134038,87125,AUD,4.7
214,153738,119916,GBP,3.1
215,191994,149755,GBP,2.7
216,238849,155252,AUD,4.2
217,147802,76857,EUR,3.8
218,99285,91342,CHF,3.5
219,158059,123286,GBP,4.9
220,85176,66437,GBP,3.8
221,252430,252430,USD,4.0
222,170427,47720,USD,4.3
223,57657,29982,EUR,4.6
224,138517,113584,EUR,4.5
225,213601,166609,EUR,4.3
226,93406,85934,CHF,3.5
227,248520,228638,CHF,4.1
228,47357,30782,AUD,4.5
229,177354,145430,EUR,4.6
230,68684,44645,AUD,3.9
231,71154,37000,EUR,4.3
232,148532,41589,USD,4.1
233,199724,169765,EUR,3.1
234,176360,49381,USD,3.2
235,137378,101660,CAD,4.2
236,116754,99241,EUR,4.3
237,112254,83068,CAD,4.4
238,228615,169175,CAD,4.2
239,182038,134708,CAD,3.6
240,281628,183058,AUD,3.2
241,60992,17078,USD,2.9
242,95537,62099,AUD,2.6
243,144317,115454,EUR,3.9
244,155600,143152,CHF,3.3
245,203208,132085,AUD,3.9
246,180858,144686,EUR,4.3
247,292478,292478,USD,2.9
248,69117,53911,EUR,2.8
249,188745,154771,EUR,4.6
250,227716,186727,EUR,3.1
251,95411,76329,EUR,4.0
252,96139,65375,EUR,2.5
253,69275,36023,EUR,3.8
254,154269,100275,AUD,3.8
255,297348,231931,EUR,4.8
256,144962,113070,EUR,4.1
257,174699,139759,EUR,3.8
258,146013,40884,USD,3.4
259,104759,89045,EUR,4.1
260,130443,104354,EUR,3.7
261,135000,124200,CHF,3.4
262,124538,102121,EUR,2.7
263,95544,76435,EUR,3.0
264,129782,84358,AUD,4.0
265,107917,88492,EUR,2.8
266,110404,90531,EUR,3.7
267,187878,146545,GBP,4.1
268,96460,88743,CHF,4.4
269,79125,67256,EUR,4.5
270,139985,128786,CHF,4.4
271,111234,75639,EUR,2.6
272,233680,198628,EUR,4.9
273,81104,60017,CAD,3.2
274,89419,73324,EUR,4.6
275,136259,109007,EUR,2.7
276,257160,72005,USD,3.6
277,243132,189643,EUR,3.1
278,264274,211419,EUR,3.0
279,149177,110391,CAD,4.6
280,92882,76163,EUR,4.3
281,81187,22732,USD,4.9
282,95511,95511,USD,3.2
283,161419,161419,USD,4.3
284,99809,84838,EUR,4.8
285,135109,110789,EUR,3.3
286,141766,104907,CAD,3.1
287,75289,55714,CAD,3.7
288,77311,21647,USD,4.7
289,146281,40959,USD,4.5
290,123213,96106,GBP,3.7
291,80699,68594,EUR,3.7
292,197517,128386,AUD,4.0
293,78279,21918,USD,3.2
294,42393,11870,USD,3.6
295,146568,114323,EUR,4.3
296,55892,44714,EUR,4.1
297,103360,87856,EUR,4.1
298,93769,93769,USD,5.0
299,151408,118098,EUR,3.5
300,107024,87760,EUR,4.1
301,144196,98053,EUR,3.7
302,68093,54474,EUR,4.1
303,64718,33653,EUR,3.8
304,97342,27256,USD,4.2
305,70051,57442,EUR,4.1
306,55856,41333,CAD,4.4
307,128394,100147,GBP,2.5
308,96910,96910,USD,3.8
309,70768,55199,EUR,2.9
310,82875,64642,GBP,4.2
311,120109,110500,CHF,4.7
312,85211,55387,AUD,4.2
313,174218,90593,EUR,3.0
314,80243,62590,EUR,3.1
315,78206,62565,EUR,3.3
316,293648,293648,USD,3.7
317,135096,108077,EUR,4.8
318,157491,102369,AUD,4.2
319,149014,149014,USD,3.0
320,257913,219226,EUR,2.9
321,126010,85687,EUR,4.2
322,63718,58621,CHF,3.8
323,157761,126209,EUR,4.0
324,72034,53305,CAD,4.3
325,140590,104037,CAD,3.2
326,75751,60601,EUR,4.6
327,117151,79663,EUR,3.3
328,194159,178626,CHF,4.6
329,216749,173399,EUR,3.3
330,67013,53610,EUR,4.4
331,185086,144367,EUR,4.8
332,174456,129097,CAD,3.5
333,134549,69965,EUR,2.8
334,193992,155194,EUR,3.2
335,136171,88511,AUD,3.0
336,121592,79035,AUD,3.1
337,169332,47413,USD,2.6
338,145268,75539,EUR,3.5
339,244866,127330,EUR,4.3
340,233792,65462,USD,4.0
341,111715,94958,EUR,3.2
342,223029,178423,EUR,2.9
343,206483,175511,EUR,4.9
344,73207,38068,EUR,4.9
345,118416,80523,EUR,4.5
346,151884,139733,CHF,4.9
347,161632,161632,USD,3.1
348,211925,169540,EUR,4.0
349,131453,120937,CHF,2.6
350,58089,30206,EUR,3.8
351,150196,150196,USD,3.2
352,63965,49893,EUR,4.7
353,89201,82065,CHF,4.9
354,153174,99563,AUD,4.6
355,103570,76642,CAD,4.0
356,101127,74834,CAD,3.9
357,226592,154083,EUR,3.3
358,141970,113576,EUR,4.2
359,218938,218938,USD,4.5
360,120232,93781,EUR,2.9
361,293879,249797,EUR,4.7
362,159751,135788,EUR,4.3
363,117454,99836,EUR,3.4
364,68913,46861,EUR,4.4
365,164978,140231,EUR,3.3
366,191228,130035,EUR,3.4
367,143691,112079,GBP,4.9
368,62680,51398,EUR,4.0
369,82639,70243,EUR,2.9
370,99376,77513,GBP,3.6
371,173814,48668,USD,4.5
372,105801,55017,EUR,2.7
373,69113,55290,EUR,3.4
374,179251,152363,EUR,5.0
375,87595,87595,USD,4.7
376,158152,134429,EUR,3.8
377,92888,60377,AUD,3.3
378,112756,73291,AUD,2.7
379,98556,83773,EUR,3.9
380,128498,109223,EUR,2.9
381,142139,120818,EUR,4.6
382,86025,68820,EUR,3.7
383,151032,78537,EUR,3.0
384,145132,116106,EUR,4.2
385,116236,116236,USD,3.7
386,165985,136108,EUR,5.0
387,143199,114559,EUR,3.3
388,168096,47067,USD,3.9
389,143599,40208,USD,4.5
390,209379,171691,EUR,4.9
391,67357,35026,EUR,3.5
392,131114,97024,CAD,4.1
393,194216,165084,EUR,2.5
394,209186,135971,AUD,2.9
395,72175,20209,USD,4.0
396,166824,113440,EUR,3.8
397,118800,33264,USD,3.0
398,190766,162151,EUR,4.8
399,177202,120497,EUR,4.3
400,91355,67603,CAD,3.0
401,139645,118698,EUR,3.3
402,58485,45618,EUR,3.8
403,201725,131121,AUD,2.6
404,132104,112288,EUR,3.4
405,221175,163670,CAD,4.7
406,236557,189246,EUR,4.1
407,82220,67420,EUR,2.9
408,277672,222138,EUR,3.1
409,103803,80966,GBP,4.4
410,76456,62694,EUR,4.7
411,116863,99334,EUR,2.8
412,195442,179807,CHF,2.6
413,206487,57816,USD,4.6
414,59896,59896,USD,2.6
415,91210,83913,CHF,3.0
416,92594,48149,EUR,4.0
417,82930,70490,EUR,4.9
418,81090,55141,EUR,3.9
419,138486,117713,EUR,2.9
420,82193,67398,EUR,4.9
421,183256,142940,EUR,3.4
422,126721,116583,CHF,3.5
423,44708,23248,EUR,2.7
424,180561,148060,EUR,3.7
425,69698,57152,EUR,4.9
426,135631,37977,USD,3.5
427,65251,50896,GBP,4.9
428,64040,49951,EUR,3.4
429,208535,58390,USD,2.7
430,194837,151973,GBP,4.1
431,230653,179909,EUR,4.3
432,162409,126679,GBP,4.5
433,149579,110688,CAD,2.5
434,210891,164495,GBP,4.3
435,182903,118887,AUD,2.6
436,269111,269111,USD,2.9
437,68919,53757,GBP,3.8
438,169898,139316,EUR,3.7
439,111907,82811,CAD,4.0
440,59915,44337,CAD,4.3
441,114041,93514,EUR,4.0
442,57523,44868,GBP,3.5
443,133862,107090,EUR,3.8
444,46286,12960,USD,4.5
445,119447,81224,EUR,3.4
446,141936,96516,EUR,4.5
447,150167,78087,EUR,3.0
448,69202,63666,CHF,3.4
449,303809,243047,EUR,4.1
450,61681,48111,GBP,2.6
451,75053,51036,EUR,3.7
452,194375,143838,CAD,2.9
453,60618,31521,EUR,3.8
454,93916,73254,EUR,4.3
455,93179,72680,GBP,2.8
456,151057,102719,EUR,3.1
457,165240,107406,AUD,2.7
458,122374,104018,EUR,3.7
459,118436,100671,EUR,4.7
460,105237,96818,CHF,4.6
461,94535,75628,EUR,2.5
462,110964,102087,CHF,4.7
463,81867,81867,USD,3.3
464,59082,50220,EUR,4.9
465,146881,146881,USD,2.7
466,199654,183682,CHF,4.6
467,57641,16139,USD,2.8
468,190421,156145,EUR,4.5
469,67579,43926,AUD,4.1
470,186272,121077,AUD,4.3
471,131836,108106,EUR,4.0
472,133751,98976,CAD,3.1
473,156356,121958,GBP,3.3
474,187201,138529,CAD,3.7
475,116893,75980,AUD,3.8
476,253343,233076,CHF,3.2
477,167079,142017,EUR,3.3
478,211933,144114,EUR,2.9
479,100432,28121,USD,4.6
480,115751,32410,USD,4.5
481,173317,112656,AUD,4.5
482,222167,182177,EUR,2.5
483,73129,73129,USD,4.6
484,123713,123713,USD,3.5
485,174797,129350,CAD,3.7
486,70232,51972,CAD,3.0
487,239511,162867,EUR,4.9
488,157355,122737,GBP,5.0
489,140088,91057,AUD,3.2
490,294685,191545,AUD,4.4
491,161400,45192,USD,3.8
492,182343,145874,EUR,5.0
493,167781,87246,EUR,3.4
494,178641,139340,GBP,4.4
495,136553,109242,EUR,2.7
496,238808,162389,EUR,4.4
497,232636,120971,EUR,4.5
498,76074,76074,USD,2.6
499,55168,37514,EUR,2.7
500,269370,269370,USD,4.6
501,79017,63214,EUR,4.3
502,136301,115856,EUR,3.4
503,183042,124469,EUR,3.9
504,93558,60813,AUD,4.9
505,204829,174105,EUR,3.0
506,108973,80640,CAD,4.7
507,175027,91014,EUR,2.9
508,92388,75758,EUR,4.4
509,155851,115330,CAD,4.4
510,80572,52372,AUD,4.4
511,199526,163611,EUR,3.8
512,169343,47416,USD,3.8
513,195030,152123,EUR,4.2
514,145064,123304,EUR,2.9
515,143912,143912,USD,4.2
516,84655,23703,USD,4.6
517,66186,48978,CAD,4.8
518,181425,154211,EUR,3.9
519,141733,110552,EUR,3.6
520,120709,33799,USD,2.6
521,68536,19190,USD,3.5
522,145769,113700,EUR,3.8
523,235465,183663,GBP,3.7
524,219021,61326,USD,4.3
525,121471,97177,EUR,2.7
526,183368,183368,USD,4.2
527,137819,71666,EUR,4.3
528,122486,97989,EUR,2.7
529,185261,120420,AUD,2.9
530,56413,44002,GBP,2.9
531,80336,41775,EUR,4.9
532,167645,113999,EUR,3.5
533,76363,49636,AUD,3.5
534,121406,82556,EUR,3.1
535,61508,47976,GBP,3.1
536,165612,135802,EUR,2.9
537,156372,132916,EUR,4.3
538,90386,47001,EUR,4.2
539,240900,187902,EUR,2.9
540,112398,58447,EUR,3.3
541,129702,101168,GBP,3.8
542,179237,132635,CAD,4.4
543,183639,150584,EUR,3.1
544,100051,78040,GBP,4.6
545,109069,92709,EUR,4.0
546,86462,70899,EUR,4.7
547,256236,199864,GBP,4.3
548,258997,220147,EUR,4.9
549,194429,101103,EUR,4.6
550,232197,65015,USD,4.1
551,139161,114112,EUR,2.9
552,148281,136419,CHF,4.7
553,73695,67799,CHF,3.2
554,174833,118886,EUR,2.7
555,185790,144916,EUR,4.9
556,183585,168898,CHF,3.1
557,191289,99470,EUR,3.7
558,120564,96451,EUR,3.6
559,101205,80964,EUR,2.8
560,138635,127544,CHF,4.6
561,186980,97230,EUR,4.8
562,112928,73403,AUD,3.3
563,75052,21015,USD,3.1
564,168628,131530,EUR,2.5
565,278027,77848,USD,3.7
566,203339,105736,EUR,3.1
567,151552,42435,USD,3.2
568,229389,119282,EUR,4.6
569,61811,42031,EUR,4.0
570,164247,131398,EUR,4.0
571,118054,92082,EUR,4.2
572,76157,62449,EUR,2.8
573,149201,122345,EUR,4.1
574,166996,113557,EUR,2.7
575,206785,153021,CAD,3.1
576,73548,67664,CHF,4.3
577,97408,27274,USD,4.5
578,107975,86380,EUR,2.6
579,187845,146519,GBP,3.6
580,122039,112276,CHF,4.7
581,115741,90278,GBP,3.5
582,73362,58690,EUR,4.4
583,144594,115675,EUR,4.8
584,88526,70821,EUR,3.0
585,232461,181320,EUR,3.3
586,229745,229745,USD,3.5
587,187720,146422,EUR,3.6
588,106812,55542,EUR,3.4
589,56589,29426,EUR,3.4
590,220925,172322,EUR,3.2
591,87413,24476,USD,3.3
592,78442,61185,EUR,4.1
593,191883,53727,USD,2.9
594,217510,169658,GBP,4.7
595,100245,78191,GBP,4.4
596,210801,137021,AUD,4.5
597,208949,108653,EUR,3.7
598,81769,53150,AUD,3.4
599,111009,94358,EUR,4.5
600,157522,122867,EUR,3.3
601,128743,118444,CHF,4.8
602,138366,113460,EUR,3.5
603,189379,128778,EUR,4.1
604,261864,204254,EUR,3.0
605,68154,50434,CAD,3.7
606,71936,56110,GBP,3.6
607,153481,141203,CHF,2.9
608,65205,55424,EUR,2.5
609,114953,97710,EUR,3.3
610,186273,121077,AUD,4.1
611,251563,196219,GBP,3.9
612,105557,78112,CAD,4.0
613,137833,107510,EUR,2.7
614,67039,34860,EUR,4.8
615,128534,87403,EUR,4.6
616,152180,124788,EUR,3.4
617,67112,53690,EUR,2.8
618,91703,59607,AUD,4.6
619,196548,55033,USD,4.7
620,300916,195595,AUD,4.0
621,87803,45658,EUR,3.3
622,151021,117796,GBP,4.6
623,78502,61232,GBP,2.9
624,270056,248452,CHF,2.6
625,60795,31613,EUR,4.2
626,197403,134234,EUR,4.7
627,65548,51127,EUR,4.5
628,154429,154429,USD,3.2
629,102897,80260,GBP,4.6
630,207887,162152,GBP,3.6
631,156082,115501,CAD,5.0
632,110025,90220,EUR,3.0
633,54450,35392,AUD,3.5
634,87109,67945,EUR,4.8
635,73552,20595,USD,3.2
636,121418,99563,EUR,3.4
637,121612,97290,EUR,3.6
638,71652,37259,EUR,4.8
639,107678,99064,CHF,3.9
640,137424,107191,EUR,4.2
641,231164,196489,EUR,4.6
642,77688,60597,GBP,4.5
643,171994,171994,USD,2.7
644,103748,95448,CHF,5.0
645,148765,148765,USD,3.8
646,142815,105683,CAD,4.6
647,82775,43043,EUR,3.4
648,74277,54965,CAD,4.9
649,73886,57631,EUR,3.1
650,207810,170404,EUR,4.6
651,200469,160375,EUR,3.6
652,140955,112764,EUR,2.7
653,223222,189739,EUR,2.6
654,70724,45971,AUD,4.1
655,262800,223380,EUR,3.7
656,143993,106555,CAD,2.7
657,68365,58110,EUR,4.9
658,179553,122096,EUR,3.1
659,140948,115577,EUR,2.6
660,183608,150559,EUR,3.6
661,107621,86097,EUR,2.8
662,99027,79222,EUR,4.2
663,142896,111459,EUR,4.2
664,201680,104874,EUR,3.1
665,164440,139774,EUR,3.8
666,95474,87836,CHF,4.4
667,119275,109733,CHF,4.0
668,163473,106257,AUD,4.9
669,180685,144548,EUR,4.4
670,69790,69790,USD,4.4
671,75917,69844,CHF,2.7
672,138746,90185,AUD,2.9
673,163101,110909,EUR,4.9
674,151644,139512,CHF,5.0
675,93189,93189,USD,2.6
676,291722,81682,USD,4.3
677,73181,57081,GBP,2.7
678,185358,144579,EUR,4.3
679,72646,61749,EUR,4.5
680,251815,163680,AUD,3.7
681,191860,163081,EUR,3.0
682,111737,87155,GBP,2.9
683,60570,47245,EUR,3.1
684,238520,162194,EUR,3.2
685,129940,96156,CAD,3.4
686,146162,40925,USD,2.7
687,136401,125489,CHF,2.7
688,216629,140809,AUD,4.7
689,100823,52428,EUR,3.9
690,156296,121911,GBP,2.7
691,54234,28202,EUR,5.0
692,142166,96673,EUR,3.3
693,133490,98783,CAD,4.5
694,177489,145541,EUR,3.4
695,149131,101409,EUR,2.9
696,191215,149148,EUR,3.7
697,64944,64944,USD,4.9
698,124001,64481,EUR,4.2
699,61014,51862,EUR,3.4
700,50366,14102,USD,3.6
701,211516,59224,USD,4.4
702,186327,137882,CAD,4.5
703,115498,32339,USD,4.1
704,220894,143581,AUD,4.7
705,158559,130018,EUR,2.8
706,62578,48811,GBP,4.8
707,139503,39061,USD,4.2
708,164482,134875,EUR,2.9
709,72387,61529,EUR,3.0
710,105302,84242,EUR,4.0
711,56667,36834,AUD,3.6
712,161934,132786,EUR,4.6
713,76716,49865,AUD,4.9
714,98118,72607,CAD,2.7
715,186617,52253,USD,2.9
716,169306,47406,USD,3.7
717,195144,179532,CHF,2.6
718,120968,120968,USD,5.0
719,65700,60444,CHF,4.6
720,96564,65664,EUR,4.4
721,214593,145923,EUR,4.6
722,165937,112837,EUR,4.1
723,194628,101207,EUR,3.9
724,199221,55782,USD,3.8
725,143643,132152,CHF,4.1
726,113445,93025,EUR,2.8
727,128546,100266,GBP,3.2
728,52318,35576,EUR,3.5
729,85947,44692,EUR,3.7
730,147694,109294,CAD,3.3
731,201628,56456,USD,3.5
732,215876,172701,EUR,4.5
733,218253,141864,AUD,4.2
734,117924,80188,EUR,4.6
735,194279,126281,AUD,2.7
736,251644,196282,GBP,4.4
737,139628,90758,AUD,2.9
738,109857,85688,EUR,2.6
739,100503,52262,EUR,4.9
740,95293,64799,EUR,3.4
741,116042,98636,EUR,4.6
742,208302,191638,CHF,3.6
743,65231,44357,EUR,4.6
744,232146,190360,EUR,4.2
745,126199,98435,EUR,3.0
746,113622,84080,CAD,3.0
747,112681,58594,EUR,3.3
748,84194,23574,USD,3.7
749,170869,111065,AUD,4.0
750,188149,97837,EUR,3.5
751,265031,243829,CHF,2.8
752,156701,101856,AUD,4.8
753,72216,56328,GBP,4.8
754,147217,114829,GBP,2.9
755,205620,160384,GBP,3.1
756,136410,136410,USD,3.5
757,84403,57394,EUR,4.0
758,131510,85482,AUD,3.1
759,151101,78573,EUR,4.2
760,173323,48530,USD,4.8
761,127484,86689,EUR,4.9
762,109486,71166,AUD,4.8
763,195642,127167,AUD,2.5
764,126129,107210,EUR,3.4
765,157010,106767,EUR,3.0
766,197184,134085,EUR,3.1
767,61380,41738,EUR,4.2
768,135748,135748,USD,4.4
769,209515,192754,CHF,4.2
770,54146,28156,EUR,2.8
771,109893,81321,CAD,4.5
772,52833,27473,EUR,3.8
773,150856,102582,EUR,4.4
774,153080,99502,AUD,4.3
775,148956,148956,USD,3.2
776,194113,100939,EUR,4.6
777,101818,86545,EUR,4.4
778,96854,65861,EUR,4.7
779,94987,94987,USD,2.7
780,261580,214496,EUR,3.0
781,78462,78462,USD,2.6
782,118459,118459,USD,2.8
783,94105,73402,GBP,3.5
784,150491,111363,CAD,4.2
785,87825,80799,CHF,3.6
786,87909,45713,EUR,4.3
787,68584,44580,AUD,4.4
788,97986,50953,EUR,3.8
789,92630,60210,AUD,4.4
790,185500,120575,AUD,2.6
791,65302,48323,CAD,2.9
792,175024,140019,EUR,3.1
793,73844,47999,AUD,3.7
794,231993,180955,EUR,2.6
795,184530,136552,CAD,4.9
796,127767,66439,EUR,3.1
797,116141,95236,EUR,3.3
798,176918,145073,EUR,2.6
799,146061,124152,EUR,4.6
800,215124,172099,EUR,3.2
801,140969,91630,AUD,3.9
802,118762,92634,EUR,2.8
803,106401,97889,CHF,3.8
804,96598,79210,EUR,4.3
805,254488,173052,EUR,3.3
806,90306,70439,GBP,4.8
807,126091,93307,CAD,2.5
808,60460,47159,GBP,2.6
809,87279,68078,EUR,3.9
810,137339,101631,CAD,4.4
811,76620,59764,GBP,3.9
812,134305,91327,EUR,4.6
813,73669,57462,GBP,3.9
814,159204,124179,EUR,4.2
815,148375,100895,EUR,4.8
816,79203,79203,USD,3.7
817,184768,51735,USD,5.0
818,133026,98439,CAD,3.7
819,205009,168107,EUR,3.6
820,85103,66380,GBP,3.1
821,71733,37301,EUR,4.3
822,84735,55078,AUD,3.5
823,116760,99246,EUR,2.9
824,141279,110198,GBP,3.6
825,108905,70788,AUD,2.6
826,152248,121798,EUR,4.7
827,209941,209941,USD,5.0
828,104651,77442,CAD,4.1
829,137743,101930,CAD,3.5
830,102982,80326,GBP,3.7
831,140058,95239,EUR,4.9
832,173107,135023,GBP,3.3
833,286954,223824,GBP,2.8
834,128694,36034,USD,3.1
835,157369,116453,CAD,3.9
836,156914,116116,CAD,4.3
837,91394,71287,GBP,3.4
838,56784,48266,EUR,4.7
839,131836,112061,EUR,3.4
840,72726,37818,EUR,3.5
841,111895,58185,EUR,3.9
842,65255,65255,USD,4.8
843,83053,23255,USD,4.7
844,66913,53530,EUR,3.0
845,59200,16576,USD,4.7
846,168124,124412,CAD,4.8
847,171033,111171,AUD,4.9
848,149917,149917,USD,3.0
849,81375,52894,AUD,2.9
850,145313,116250,EUR,4.2
851,202011,165649,EUR,4.1
852,189305,128727,EUR,4.5
853,64131,50022,GBP,3.3
854,136338,136338,USD,4.3
855,53696,41883,EUR,3.7
856,237796,194993,EUR,4.4
857,67016,56964,EUR,4.1
858,138602,117812,EUR,2.7
859,114447,89269,EUR,2.6
860,214994,60198,USD,4.7
861,174640,160669,CHF,2.7
862,223364,165289,CAD,3.4
863,171153,157461,CHF,4.9
864,66767,52078,EUR,2.7
865,253971,215875,EUR,3.3
866,157585,102430,AUD,3.6
867,178753,178753,USD,2.9
868,90552,70631,EUR,4.5
869,59142,48496,EUR,4.7
870,186042,148834,EUR,2.8
871,162396,105557,AUD,3.5
872,107406,73036,EUR,4.1
873,185176,51849,USD,3.2
874,168590,114641,EUR,3.1
875,108865,70762,AUD,4.9
876,131547,107869,EUR,2.7
877,69484,69484,USD,4.7
878,84078,77352,CHF,3.7
879,62749,42669,EUR,4.0
880,184316,95844,EUR,3.4
881,142274,116665,EUR,3.9
882,208530,135544,AUD,2.5
883,81678,65342,EUR,4.2
884,59668,54895,CHF,3.3
885,94542,26472,USD,3.4
886,68323,54658,EUR,4.1
887,207179,140882,EUR,4.8
888,193874,193874,USD,4.8
889,95014,95014,USD,3.0
890,193137,150647,EUR,3.2
891,82411,64281,GBP,4.5
892,59689,38798,AUD,5.0
893,181771,167229,CHF,4.1
894,138233,110586,EUR,5.0
895,78341,61106,GBP,3.1
896,219204,179747,EUR,5.0
897,64689,50457,EUR,2.6
898,48313,35752,CAD,2.9
899,115602,75141,AUD,4.3
900,89637,71710,EUR,5.0
901,115024,94320,EUR,3.2
902,236832,153941,AUD,4.1
903,222021,204259,CHF,3.3
904,93936,79846,EUR,4.7
905,168608,134886,EUR,2.5
906,90115,66685,CAD,3.3
907,149394,97106,AUD,3.7
908,135378,105595,GBP,4.2
909,83148,23281,USD,3.4
910,66170,44996,EUR,3.8
911,229209,178783,EUR,3.6
912,260757,169492,AUD,2.8
913,150474,111351,CAD,3.2
914,195634,133031,EUR,3.2
915,81899,67157,EUR,3.6
916,135569,100321,CAD,4.5
917,63094,42904,EUR,4.7
918,91980,73584,EUR,2.6
919,150290,78151,EUR,4.4
920,130421,110858,EUR,2.9
921,126887,98972,EUR,3.9
922,175297,143744,EUR,2.7
923,124832,92376,CAD,4.3
924,148369,121663,EUR,3.4
925,181193,117775,AUD,2.7
926,165136,46238,USD,4.9
927,74018,20725,USD,4.1
928,168857,131708,EUR,4.2
929,169458,155901,CHF,2.6
930,66250,51675,EUR,4.8
931,74697,74697,USD,3.0
932,295509,236407,EUR,2.7
933,58928,47142,EUR,4.2
934,171334,140494,EUR,4.3
935,110322,110322,USD,4.1
936,73524,47791,AUD,4.5
937,75409,64098,EUR,3.7
938,177671,142137,EUR,3.7
939,97720,63518,AUD,4.0
940,138843,108298,EUR,3.6
941,95173,76138,EUR,2.7
942,147045,41173,USD,3.2
943,223530,174353,EUR,3.9
944,64366,50205,GBP,2.8
945,145295,145295,USD,3.0
946,131015,102192,EUR,4.4
947,173845,128645,CAD,3.5
948,154771,114531,CAD,3.2
949,149250,149250,USD,4.1
950,66768,18695,USD,3.1
951,210082,168066,EUR,3.1
952,44770,33130,CAD,4.7
953,178657,116127,AUD,3.2
954,126781,86211,EUR,2.7
955,135322,124496,CHF,4.8
956,134515,134515,USD,4.4
957,64903,44134,EUR,4.2
958,75163,60130,EUR,3.6
959,166621,153291,CHF,4.2
960,84165,62282,CAD,4.4
961,106209,29739,USD,4.2
962,109467,93047,EUR,4.9
963,160400,160400,USD,4.3
964,83165,64869,EUR,3.4
965,147439,117951,EUR,3.4
966,92159,71884,GBP,3.7
967,207188,207188,USD,4.4
968,150494,123405,EUR,2.9
969,242272,125981,EUR,3.5
970,175816,137136,GBP,3.3
971,163300,130640,EUR,4.9
972,68374,35554,EUR,4.7
973,136028,100661,CAD,2.9
974,126622,116492,CHF,3.5
975,83758,23452,USD,4.7
976,228698,210402,CHF,3.5
977,104635,71152,EUR,2.9
978,166921,136875,EUR,3.6
979,99627,99627,USD,4.8
980,209638,142554,EUR,4.9
981,212234,110362,EUR,2.5
982,137082,116520,EUR,3.2
983,127934,117699,CHF,3.7
984,52025,38498,CAD,4.6
985,108492,84624,GBP,3.2
986,61552,45548,CAD,4.0
987,65087,50768,EUR,3.6
988,133596,37407,USD,3.7
989,118952,101109,EUR,3.4
990,179930,50380,USD,4.9
991,107358,83739,GBP,4.0
992,191930,163140,EUR,3.8
993,151590,118240,EUR,3.0
994,263897,224312,EUR,4.9
995,104394,83515,EUR,3.3
996,130496,101787,EUR,4.0
997,85840,44637,EUR,4.0
998,197414,153983,GBP,3.4
999,88234,74999,EUR,4.2
1000,64518,59357,CHF,3.9
1001,132155,108367,EUR,2.5
1002,66460,54497,EUR,3.1
1003,208900,177565,EUR,4.2
1004,328432,91961,USD,4.8
1005,97330,75917,GBP,4.8
1006,131266,89261,EUR,3.2
1007,138150,93942,EUR,4.5
1008,177097,49587,USD,4.8
1009,201776,157385,EUR,4.5
1010,169876,144395,EUR,4.8
1011,177745,177745,USD,4.0
1012,112896,92575,EUR,3.1
1013,120873,120873,USD,4.7
1014,60942,51801,EUR,4.7
1015,52701,27405,EUR,2.9
1016,120443,110808,CHF,3.8
1017,197453,128344,AUD,4.8
1018,79904,22373,USD,4.3
1019,139786,114625,EUR,3.5
1020,44510,34718,GBP,4.4
1021,160277,118605,CAD,3.4
1022,218239,161497,CAD,3.7
1023,104190,95855,CHF,2.5
1024,127463,101970,EUR,4.1
1025,147356,109043,CAD,4.5
1026,84618,69387,EUR,3.7
1027,52165,42775,EUR,4.7
1028,112058,87405,GBP,4.5
1029,72163,59174,EUR,4.8
1030,97396,75969,GBP,3.2
1031,87664,59612,EUR,4.7
1032,71240,55567,GBP,3.8
1033,151271,42356,USD,3.4
1034,251557,130810,EUR,4.6
1035,226091,176351,EUR,3.0
1036,160235,83322,EUR,2.6
1037,108629,70609,AUD,3.6
1038,150689,97948,AUD,4.4
1039,202907,166384,EUR,3.6
1040,53054,14855,USD,2.9
1041,122322,79509,AUD,3.3
1042,63295,46838,CAD,3.6
1043,234649,234649,USD,4.0
1044,74815,74815,USD,4.0
1045,162062,126408,EUR,2.5
1046,124162,105538,EUR,3.3
1047,119033,80942,EUR,2.9
1048,204860,57361,USD,3.4
1049,189486,151589,EUR,3.6
1050,83265,64947,GBP,2.9
1051,253370,233100,CHF,4.4
1052,233169,181872,GBP,3.3
1053,229297,188024,EUR,2.6
1054,88247,60008,EUR,4.3
1055,95372,81066,EUR,3.7
1056,190154,123600,AUD,2.8
1057,152397,118870,GBP,2.9
1058,141967,116413,EUR,2.7
1059,78246,21909,USD,3.4
1060,190402,156130,EUR,3.4
1061,132869,90351,EUR,3.5
1062,130769,107231,EUR,3.5
1063,94493,86934,CHF,4.2
1064,201537,201537,USD,2.7
1065,97623,72241,CAD,2.9
1066,246269,167463,EUR,4.7
1067,55974,47578,EUR,2.6
1068,124033,124033,USD,2.6
1069,103430,87916,EUR,4.2
1070,168394,114508,EUR,2.6
1071,89769,25135,USD,4.9
1072,93743,74994,EUR,2.8
1073,70717,52331,CAD,3.5
1074,90837,61769,EUR,3.5
1075,77189,65611,EUR,3.2
1076,50737,14206,USD,4.3
1077,72576,66770,CHF,2.7
1078,57394,29845,EUR,2.6
1079,69252,55402,EUR,3.7
1080,94457,75566,EUR,2.7
1081,159508,135582,EUR,3.8
1082,104228,83382,EUR,3.5
1083,59667,48927,EUR,2.5
1084,112598,92330,EUR,4.1
1085,98764,77036,EUR,3.4
1086,124179,101827,EUR,4.6
1087,165086,132069,EUR,3.1
1088,72416,47070,AUD,4.7
1089,205758,57612,USD,4.1
1090,143396,117585,EUR,3.6
1091,194240,126256,AUD,4.2
1092,120595,96476,EUR,3.0
1093,131594,68429,EUR,3.5
1094,107826,99200,CHF,4.8
1095,176575,144792,EUR,4.4
1096,171080,157394,CHF,3.2
1097,207017,107649,EUR,3.0
1098,163745,130996,EUR,3.3
1099,63243,41108,AUD,4.1
1100,67481,55334,EUR,4.7
1101,128596,102877,EUR,3.0
1102,109814,30748,USD,2.5
1103,105752,71911,EUR,4.7
1104,105274,82114,EUR,4.9
1105,137399,126407,CHF,3.3
1106,92824,60336,AUD,4.0
1107,166863,133490,EUR,3.7
1108,70567,55042,GBP,3.2
1109,72236,59234,EUR,4.6
1110,108059,56191,EUR,4.0
1111,231209,150286,AUD,4.6
1112,238292,195399,EUR,4.6
1113,195390,166082,EUR,4.8
1114,177183,141746,EUR,3.5
1115,118953,80888,EUR,2.9
1116,130467,84804,AUD,3.0
1117,80488,52317,AUD,3.6
1118,78080,40602,EUR,2.7
1119,185992,145074,GBP,2.6
1120,101166,93073,CHF,4.7
1121,80609,54814,EUR,3.2
1122,304492,243594,EUR,4.7
1123,87743,59665,EUR,3.0
1124,79423,58773,CAD,4.4
1125,122147,63516,EUR,2.6
1126,164966,122075,CAD,3.7
1127,120775,102659,EUR,2.7
1128,146071,99328,EUR,4.7
1129,78474,58071,CAD,3.9
1130,126212,103494,EUR,4.3
1131,138320,110656,EUR,4.3
1132,160105,44829,USD,2.7
1133,110320,30890,USD,2.6
1134,120675,96540,EUR,4.6
1135,99073,81240,EUR,4.9
1136,78867,61516,GBP,2.6
1137,187349,187349,USD,4.4
1138,202591,172202,EUR,3.2
1139,86505,69204,EUR,4.5
1140,53478,36365,EUR,3.2
1141,192933,163993,EUR,3.1
1142,211822,194876,CHF,2.5
1143,68926,19299,USD,4.7
1144,155937,155937,USD,3.6
1145,69604,36194,EUR,3.7
1146,107029,55655,EUR,4.6
1147,132027,132027,USD,3.4
1148,181267,141388,EUR,3.6
1149,203248,150404,CAD,2.9
1150,105422,89609,EUR,3.4
1151,170543,126202,CAD,2.9
1152,77649,60566,GBP,3.4
1153,156016,127933,EUR,3.5
1154,117016,91272,GBP,3.4
1155,84139,65628,EUR,4.5
1156,82711,61206,CAD,3.7
1157,157583,157583,USD,3.4
1158,129856,96093,CAD,4.0
1159,137177,101511,CAD,3.3
1160,71548,37205,EUR,3.7
1161,68321,35527,EUR,4.7
1162,118330,94664,EUR,2.6
1163,64498,18059,USD,4.6
1164,104238,104238,USD,4.0
1165,165260,107419,AUD,4.6
1166,162257,162257,USD,4.5
1167,252122,70594,USD,4.5
1168,50745,14209,USD,4.2
1169,86450,56192,AUD,3.5
1170,133307,103979,EUR,3.8
1171,203649,166992,EUR,2.8
1172,119195,88204,CAD,4.8
1173,74658,68685,CHF,2.9
1174,63873,58763,CHF,4.3
1175,144422,106872,CAD,2.8
1176,124499,80924,AUD,4.5
1177,103793,85110,EUR,3.5
1178,134231,91277,EUR,3.5
1179,179729,165351,CHF,4.4
1180,74838,58374,GBP,5.0
1181,135645,108516,EUR,4.1
1182,196225,102037,EUR,4.2
1183,100818,82671,EUR,4.3
1184,83456,65096,GBP,4.9
1185,189420,147748,GBP,3.7
1186,132966,103713,EUR,4.2
1187,61410,41759,EUR,4.4
1188,45775,33874,CAD,3.0
1189,64049,41632,AUD,4.9
1190,74530,58133,EUR,2.5
1191,148582,118866,EUR,3.0
1192,54484,37049,EUR,4.2
1193,72135,57708,EUR,3.6
1194,80270,22476,USD,4.9
1195,102091,75547,CAD,2.5
1196,117693,91801,GBP,3.4
1197,187788,122062,AUD,3.3
1198,109820,101034,CHF,4.8
1199,215499,172399,EUR,4.0
1200,168881,131727,EUR,4.9
1201,92000,78200,EUR,3.4
1202,143985,40316,USD,3.7
1203,188580,150864,EUR,4.4
1204,97957,80325,EUR,3.6
1205,213676,170941,EUR,4.7
1206,139392,108726,EUR,4.2
1207,171667,133900,GBP,3.4
1208,127772,66441,EUR,4.4
1209,70374,47854,EUR,3.1
1210,83511,66809,EUR,3.1
1211,74087,50379,EUR,4.1
1212,122315,103968,EUR,3.4
1213,144512,112719,GBP,4.0
1214,58089,16265,USD,3.3
1215,103896,88312,EUR,4.3
1216,97129,66048,EUR,4.0
1217,91203,67490,CAD,4.2
1218,151324,78688,EUR,4.2
1219,163167,110954,EUR,3.8
1220,63514,47000,CAD,3.0
1221,144218,112490,GBP,3.9
1222,90332,90332,USD,3.8
1223,178373,164103,CHF,3.1
1224,219340,201793,CHF,3.8
1225,201135,201135,USD,3.6
1226,69211,69211,USD,2.6
1227,136228,106258,GBP,3.6
1228,176363,114636,AUD,4.9
1229,59771,47817,EUR,3.7
1230,47720,31018,AUD,3.5
1231,89184,46376,EUR,4.1
1232,131253,120753,CHF,3.4
1233,161257,125780,GBP,3.1
1234,155786,121513,EUR,4.0
1235,124002,114082,CHF,4.3
1236,220099,114451,EUR,4.9
1237,181105,153939,EUR,2.9
1238,142441,105406,CAD,4.9
1239,99244,77410,EUR,2.6
1240,64620,54927,EUR,4.5
1241,108151,84358,EUR,4.3
1242,203704,138519,EUR,3.4
1243,186729,97099,EUR,3.5
1244,94977,64584,EUR,3.6
1245,110092,30826,USD,2.7
1246,124329,99463,EUR,4.7
1247,98755,64191,AUD,3.7
1248,98167,98167,USD,3.1
1249,141916,141916,USD,2.8
1250,105465,82263,GBP,2.7
1251,156342,106313,EUR,3.0
1252,188464,128156,EUR,3.9
1253,134071,91168,EUR,3.7
1254,120205,93760,GBP,4.1
1255,162868,105864,AUD,2.8
1256,61023,50039,EUR,3.0
1257,143955,115164,EUR,4.4
1258,167956,114210,EUR,3.4
1259,78311,72046,CHF,2.5
1260,51077,39840,EUR,3.2
1261,110806,72024,AUD,3.3
1262,195003,152102,EUR,3.3
1263,233119,214469,CHF,3.7
1264,76363,76363,USD,4.2
1265,128029,99863,GBP,3.0
1266,104485,29256,USD,3.9
1267,168670,134936,EUR,4.6
1268,119304,81127,EUR,4.2
1269,251556,201245,EUR,2.9
1270,114753,32131,USD,3.7
1271,148699,41636,USD,2.7
1272,96229,96229,USD,4.1
1273,189581,189581,USD,4.1
1274,63305,41148,AUD,4.6
1275,163229,150171,CHF,4.4
1276,123844,96598,EUR,3.3
1277,122404,104043,EUR,3.0
1278,273290,142111,EUR,3.4
1279,197083,181316,CHF,4.6
1280,123513,101281,EUR,4.8
1281,101053,78821,EUR,4.9
1282,219001,113881,EUR,3.5
1283,148911,119129,EUR,4.1
1284,177971,49832,USD,3.8
1285,75548,64216,EUR,2.7
1286,77411,60381,EUR,3.5
1287,139982,139982,USD,4.3
1288,160380,147550,CHF,4.4
1289,44935,23366,EUR,3.2
1290,103503,53822,EUR,4.1
1291,244021,207418,EUR,3.4
1292,98497,80768,EUR,4.0
1293,92454,72114,EUR,4.6
1294,87365,80376,CHF,3.7
1295,113360,113360,USD,4.6
1296,117268,76224,AUD,3.9
1297,77327,40210,EUR,4.0
1298,226115,117580,EUR,2.8
1299,82868,76239,CHF,4.2
1300,76424,76424,USD,3.8
1301,145637,40778,USD,2.7
1302,150652,120522,EUR,4.8
1303,156559,101763,AUD,4.0
1304,197405,102651,EUR,4.8
1305,108477,70510,AUD,3.1
1306,134441,91420,EUR,4.9
1307,65601,48545,CAD,3.3
1308,158904,123945,EUR,3.2
1309,85561,70160,EUR,4.2
1310,178750,139425,GBP,4.0
1311,125099,106334,EUR,4.5
1312,176095,140876,EUR,3.0
1313,88298,81234,CHF,4.3
1314,93573,69244,CAD,3.0
1315,113376,31745,USD,3.8
1316,146320,99498,EUR,4.3
1317,134108,37550,USD,3.1
1318,247188,182919,CAD,4.1
1319,201131,185041,CHF,4.7
1320,112801,92497,EUR,3.4
1321,74997,58498,EUR,4.3
1322,173020,48446,USD,3.6
1323,177131,145247,EUR,3.1
1324,75938,69863,CHF,2.8
1325,93738,48744,EUR,3.9
1326,124497,99598,EUR,2.7
1327,180579,148075,EUR,3.1
1328,149552,116651,GBP,4.8
1329,59685,44167,CAD,4.6
1330,124315,96966,GBP,3.6
1331,179316,179316,USD,5.0
1332,143381,143381,USD,3.7
1333,126020,85694,EUR,3.6
1334,70204,47739,EUR,2.8
1335,118235,108776,CHF,4.4
1336,120809,99063,EUR,2.6
1337,115516,32344,USD,2.8
1338,165386,135617,EUR,2.8
1339,68268,50518,CAD,4.4
1340,107974,84220,EUR,2.6
1341,200633,130411,AUD,2.6
1342,60298,44621,CAD,4.9
1343,137061,38377,USD,3.2
1344,146994,114655,EUR,3.1
1345,151805,139661,CHF,4.4
1346,109563,85459,GBP,3.4
1347,182943,95130,EUR,2.6
1348,188888,147333,GBP,4.4
1349,144466,132909,CHF,4.9
1350,268268,209249,GBP,3.9
1351,100139,85118,EUR,2.9
1352,119041,101185,EUR,4.0
1353,67237,43704,AUD,4.5
1354,153299,125705,EUR,3.1
1355,84987,57791,EUR,3.1
1356,73494,57325,GBP,4.7
1357,166355,153047,CHF,3.2
1358,217262,169464,EUR,4.2
1359,176610,137756,GBP,4.7
1360,159334,159334,USD,3.6
1361,51090,47003,CHF,4.6
1362,274636,214216,EUR,3.6
1363,54867,43894,EUR,4.7
1364,226287,167452,CAD,4.4
1365,92980,74384,EUR,4.4
1366,155163,105511,EUR,4.2
1367,123671,34628,USD,4.7
1368,85006,85006,USD,2.6
1369,78262,64175,EUR,3.5
1370,55886,47503,EUR,3.0
1371,87897,59770,EUR,2.7
1372,177201,145305,EUR,4.2
1373,161992,45358,USD,3.5
1374,173366,135225,GBP,3.4
1375,130520,104416,EUR,4.3
1376,195241,54667,USD,3.4
1377,82454,64314,GBP,4.9
1378,158594,130047,EUR,3.9
1379,261833,73313,USD,2.7
1380,135975,135975,USD,2.6
1381,244127,207508,EUR,3.4
1382,127711,83012,AUD,3.6
1383,166580,133264,EUR,3.6
1384,193605,54209,USD,3.4
1385,260707,221601,EUR,4.8
1386,127253,82714,AUD,2.9
1387,107062,69590,AUD,4.0
1388,53602,43954,EUR,3.8
1389,93809,79738,EUR,2.6
1390,177094,150530,EUR,2.6
1391,74864,50908,EUR,4.3
1392,181784,145427,EUR,4.0
1393,149998,122998,EUR,3.1
1394,60255,31333,EUR,3.1
1395,88646,69144,EUR,2.9
1396,150114,123093,EUR,4.7
1397,52401,27249,EUR,3.5
1398,62886,57855,CHF,2.7
1399,206955,175912,EUR,4.1
1400,155615,80920,EUR,4.5
1401,201673,56468,USD,4.7
1402,142850,111423,EUR,3.2
1403,147062,120591,EUR,3.6
1404,210565,143184,EUR,2.5
1405,88169,68772,GBP,4.0
1406,156553,106456,EUR,4.4
1407,99180,73393,CAD,4.5
1408,90431,74153,EUR,4.4
1409,212693,144631,EUR,3.4
1410,193172,150674,EUR,3.8
1411,78172,78172,USD,4.5
1412,158089,107501,EUR,2.9
1413,152865,140636,CHF,4.5
1414,186041,145112,GBP,4.7
1415,221897,177518,EUR,2.9
1416,273951,273951,USD,4.6
1417,83065,66452,EUR,4.0
1418,103361,80622,EUR,4.5
1419,74190,48224,AUD,3.6
1420,203367,203367,USD,4.3
1421,205099,133314,AUD,4.0
1422,138863,72209,EUR,5.0
1423,115446,106210,CHF,3.2
1424,59377,38595,AUD,3.7
1425,60784,47412,GBP,3.9
1426,156041,143558,CHF,4.7
1427,50107,26056,EUR,4.1
1428,190645,129639,EUR,4.5
1429,63957,17908,USD,4.6
1430,175318,129735,CAD,3.1
1431,241409,156916,AUD,2.9
1432,98969,73237,CAD,2.8
1433,145753,40811,USD,2.7
1434,109244,85210,EUR,4.6
1435,73490,60262,EUR,4.8
1436,198834,103394,EUR,3.2
1437,129426,106129,EUR,3.7
1438,198351,158681,EUR,3.0
1439,93810,93810,USD,4.4
1440,76075,51731,EUR,4.0
1441,224316,62808,USD,2.8
1442,128460,66799,EUR,3.5
1443,88307,68879,EUR,4.8
1444,224422,224422,USD,3.1
1445,80017,73616,CHF,4.3
1446,224519,184106,EUR,3.0
1447,80194,52126,AUD,4.9
1448,163592,106335,AUD,2.9
1449,128374,102699,EUR,2.8
1450,128979,87706,EUR,3.4
1451,152772,42776,USD,4.7
1452,114377,97220,EUR,2.7
1453,137906,113083,EUR,4.6
1454,146107,108119,CAD,2.6
1455,192406,153925,EUR,4.6
1456,151284,124053,EUR,3.3
1457,92394,85002,CHF,3.8
1458,60334,16894,USD,2.8
1459,188650,147147,EUR,3.9
1460,142849,142849,USD,3.8
1461,104374,104374,USD,3.4
1462,137380,109904,EUR,3.3
1463,58841,54134,CHF,3.4
1464,63758,51006,EUR,3.4
1465,66474,43208,AUD,4.0
1466,94178,94178,USD,4.4
1467,145640,119425,EUR,3.8
1468,157859,134180,EUR,3.9
1469,131080,104864,EUR,3.8
1470,203154,150334,CAD,2.9
1471,165409,152176,CHF,3.3
1472,79488,65180,EUR,4.3
1473,63599,49607,GBP,2.9
1474,193747,143373,CAD,3.0
1475,226171,180937,EUR,3.2
1476,133996,104517,GBP,2.6
1477,85289,68231,EUR,2.8
1478,157846,82080,EUR,3.0
1479,188650,147147,EUR,4.7
1480,182737,51166,USD,3.9
1481,200516,104268,EUR,3.0
1482,277673,144390,EUR,2.9
1483,64487,64487,USD,4.3
1484,155202,121058,GBP,3.0
1485,159667,146894,CHF,2.9
1486,105763,54997,EUR,2.8
1487,224783,175331,EUR,4.5
1488,169807,115469,EUR,4.3
1489,72567,53700,CAD,3.7
1490,155339,121164,EUR,3.9
1491,234325,159341,EUR,4.8
1492,65594,44604,EUR,4.1
1493,219275,142529,AUD,2.9
1494,61543,49234,EUR,4.3
1495,79270,63416,EUR,3.2
1496,115238,85276,CAD,4.7
1497,74818,68833,CHF,2.6
1498,73207,73207,USD,3.3
1499,133282,90632,EUR,3.7
1500,125473,100378,EUR,3.5
